[gd_scene load_steps=4 format=3 uid="uid://crkvmowfmaa1r"]

[ext_resource type="Script" uid="uid://btik1etdqal0j" path="res://scenes/zelda_breath_of_the_wild/paraglider.gd" id="1_hfpwt"]

[sub_resource type="BoxShape3D" id="BoxShape3D_fps0l"]

[sub_resource type="StandardMaterial3D" id="StandardMaterial3D_jp48i"]
diffuse_mode = 3
specular_mode = 1
disable_specular_occlusion = true
albedo_color = Color(0.6431373, 0.45490196, 0.28627452, 1)
roughness = 0.5

[node name="Paraglider" type="Node3D"]
script = ExtResource("1_hfpwt")

[node name="Area3D" type="Area3D" parent="."]
transform = Transform3D(1, 0, 0, 0, 1, 0, 0, 0, 1, 0, 0.5, 0)

[node name="CollisionShape3D" type="CollisionShape3D" parent="Area3D"]
shape = SubResource("BoxShape3D_fps0l")

[node name="AudioStreamPlayer3D" type="AudioStreamPlayer3D" parent="."]

[node name="CSGTorus3D" type="CSGTorus3D" parent="."]
transform = Transform3D(1, 0, 0, 0, 0.96592593, 0.25881907, 0, -0.25881907, 0.96592593, 0, 0.3, -0.50000006)
inner_radius = 1.0
outer_radius = 1.1
sides = 16
material = SubResource("StandardMaterial3D_jp48i")

[node name="CSGBox3D" type="CSGBox3D" parent="CSGTorus3D"]
transform = Transform3D(1, 0, 0, 0, 0.9999994, 1.4901161e-08, 0, -1.4901161e-08, 0.9999994, -2.9802322e-08, 0.07764572, -0.59851754)
operation = 2
size = Vector3(2.6, 1, 1.5)
material = SubResource("StandardMaterial3D_jp48i")

[node name="CSGTorus3D2" type="CSGTorus3D" parent="."]
transform = Transform3D(-4.2221952e-08, -0.9659256, -0.25881898, 0.9999999, -4.3711374e-08, -1.5383698e-15, -1.13133405e-08, -0.25881898, 0.9659256, -0.3, 0.59999996, -0.1)
inner_radius = 0.55
outer_radius = 0.6
sides = 16
material = SubResource("StandardMaterial3D_jp48i")

[node name="CSGBox3D" type="CSGBox3D" parent="CSGTorus3D2"]
transform = Transform3D(0.9062949, -0.10938149, 0.40821406, 0.10938137, 0.9937232, 0.02342312, -0.40821707, 0.023423046, 0.91258353, 0.2621805, 0.080243796, -0.0994739)
operation = 2
size = Vector3(1, 1, 1.6)
material = SubResource("StandardMaterial3D_jp48i")

[node name="CSGTorus3D3" type="CSGTorus3D" parent="."]
transform = Transform3D(-4.2221956e-08, -0.9659255, 0.25881895, 0.9999999, -4.3711374e-08, 0, 1.1313338e-08, 0.25881895, 0.9659255, 0.3, 0.6, -0.1)
inner_radius = 0.55
outer_radius = 0.6
sides = 16
material = SubResource("StandardMaterial3D_jp48i")

[node name="CSGBox3D" type="CSGBox3D" parent="CSGTorus3D3"]
transform = Transform3D(0.9062968, -0.10938174, 0.40821502, 0.10938131, 0.9937235, 0.023423105, -0.40821663, 0.023423597, 0.9125835, 0.2621805, 0.080243796, -0.09947388)
operation = 2
size = Vector3(1, 1, 1.6)
material = SubResource("StandardMaterial3D_jp48i")

[node name="CSGTorus3D4" type="CSGTorus3D" parent="."]
transform = Transform3D(1, 0, 0, 0, 0.8191521, 0.57357645, 0, -0.57357645, 0.8191521, 0, -0.36, -1.185)
inner_radius = 0.95
sides = 16
material = SubResource("StandardMaterial3D_jp48i")

[node name="CSGBox3D" type="CSGBox3D" parent="CSGTorus3D4"]
transform = Transform3D(1, 0, 0, 0, 1.000002, 2.9802322e-07, 0, -2.9802322e-07, 1.000002, -0.049999982, 0.1631923, -0.12412429)
operation = 2
size = Vector3(2.5, 0.4, 2)
material = SubResource("StandardMaterial3D_jp48i")

[node name="CSGTorus3D5" type="CSGTorus3D" parent="."]
transform = Transform3D(-4.371139e-08, -1, 0, 1, -4.371139e-08, 0, 0, 0, 1, 0, -0.35, 0.4)
inner_radius = 0.95
sides = 16
material = SubResource("StandardMaterial3D_jp48i")

[node name="CSGBox3D" type="CSGBox3D" parent="CSGTorus3D5"]
transform = Transform3D(0.907814, 4.029573e-09, 0.41937286, 4.0295767e-09, 1, -1.833137e-08, -0.41937286, 1.833137e-08, 0.907814, -0.35018495, 4.175922e-09, -0.13457158)
operation = 2
size = Vector3(2.0906982, 1, 2.8)
material = SubResource("StandardMaterial3D_jp48i")

[node name="CSGTorus3D6" type="CSGTorus3D" parent="."]
transform = Transform3D(-4.304731e-08, -0.98480785, -0.17364821, 1, -4.3711392e-08, -1.5014417e-15, -7.590403e-09, -0.17364821, 0.98480785, -0.445, -0.4, 0.375)
inner_radius = 0.95
sides = 16
material = SubResource("StandardMaterial3D_jp48i")

[node name="CSGBox3D" type="CSGBox3D" parent="CSGTorus3D6"]
transform = Transform3D(0.907814, 4.0295536e-09, 0.41937286, -1.4901161e-08, 0.9999991, -1.4901161e-08, -0.41937247, -2.9802322e-08, 0.907814, -0.35018504, 5.9604645e-08, -0.13457161)
operation = 2
size = Vector3(2.0906982, 1, 2.8)
material = SubResource("StandardMaterial3D_jp48i")

[node name="CSGTorus3D7" type="CSGTorus3D" parent="."]
transform = Transform3D(-4.304731e-08, -0.98480785, 0.1736482, 1, -4.3711392e-08, 0, 7.590403e-09, 0.1736482, 0.98480785, 0.445, -0.4, 0.375)
inner_radius = 0.95
sides = 16
material = SubResource("StandardMaterial3D_jp48i")

[node name="CSGBox3D" type="CSGBox3D" parent="CSGTorus3D7"]
transform = Transform3D(0.907814, 4.0295576e-09, 0.41937286, 2.9802322e-08, 0.99999934, -1.4901161e-08, -0.41937253, 4.4703484e-08, 0.907814, -0.35018486, -1.1920929e-07, -0.13457161)
operation = 2
size = Vector3(2.0906982, 1, 2.8)
material = SubResource("StandardMaterial3D_jp48i")

[node name="CSGSphere3D" type="CSGSphere3D" parent="."]
transform = Transform3D(1.34, 0, 0, 0, 0.93220377, 0.28954706, 0, -0.36193386, 0.745763, -0.0021362305, -0.53159463, 0.3962826)
radius = 1.25

[node name="CSGSphere3D2" type="CSGSphere3D" parent="CSGSphere3D"]
transform = Transform3D(1.1, 0, 0, 0, 1.0999998, -3.2782555e-07, 0, -1.4901161e-08, 1.1000001, 0, -0.13758212, 0.026133865)
operation = 2
radius = 1.25

[connection signal="body_entered" from="Area3D" to="." method="_on_area_3d_body_entered"]
